Simple.
Intervals: [    0  1000  2000  3000  4000  5000  6000  7000  8000  9000 10000 11000
 12000 13000 14000 14600]
Errors: [ 0.99038462  0.26211782  0.21990309  0.16235378  0.18859971  0.16240945
  0.14208341  0.16539162  0.12364348  0.11352657  0.11488203  0.12240741
  0.1340507   0.12315095  0.10373832  0.10300587]
Train - 0.3, Test sample rate 0.05 (out of 0.1), rate = 0.03, intervals= 1000

Char.
Intervals: [    0  1000  2000  3000  4000  5000  6000  7000  8000  9000 10000 11000
 12000 13000 14000 14618]
Errors: [ 0.97165617  0.76523903  0.77824347  0.7443038   0.83311555  0.79332182
  0.7659653   0.79687219  0.79230916  0.80714418  0.72705403  0.73829149
  0.78536934  0.71304025  0.75803403  0.75804039]
  Train - 0.3, Test sample rate 0.05 (out of 0.1), rate = 0.03, intervals= 1000


  Complex.
Intervals: [    0  1000  2000  3000  4000  5000  6000  7000  8000  9000 10000 11000
 12000 13000 14000 14556]
Errors: [ 1.          0.22467192  0.21819111  0.16562778  0.15837601  0.15833637
  0.15233892  0.13905895  0.1434629   0.17326733  0.11883692  0.13004086
  0.13055454  0.14480112  0.11252236  0.11675217]
  Train - 0.3, Test sample rate 0.05 (out of 0.1), rate = 0.03, intervals= 1000


Simple.
Intervals: [    0  1000  2000  3000  4000  5000  6000  7000  8000  9000 10000 11000
 12000 13000 14000 15000 16000 17000 18000 19000 20000 21000 22000 23000
 24000 24301]
Errors: [ 1.          0.2464455   0.25248689  0.16287879  0.19644141  0.17363285
  0.1731327   0.1423599   0.15481715  0.13724089  0.14026311  0.12789669
  0.11996403  0.17511191  0.12791801  0.10418251  0.10486212  0.09919242
  0.12423368  0.11828144  0.11466865  0.10379577  0.09670782  0.12826377
  0.12930233  0.10299844]
  Train - 0.5, Test sample rate 0.05 (out of 0.1), rate = 0.01, intervals= 1000



Char.
Intervals: [    0  1000  2000  3000  4000  5000  6000  7000  8000  9000 10000 11000
 12000 13000 14000 15000 16000 17000 18000 19000 20000 21000 22000 23000
 24000 24355]
Errors: [ 0.99980843  0.73275394  0.86689605  0.72086519  0.7916108   0.8517196
  0.78022814  0.80136467  0.80274319  0.80944287  0.76396226  0.7928677
  0.80695847  0.80159305  0.75892857  0.7719267   0.77702448  0.76073963
  0.74339981  0.71431265  0.71701389  0.83333333  0.7260571   0.77940338
  0.75994393  0.76478521]
  Train - 0.5, Test sample rate 0.05 (out of 0.1), rate = 0.01, intervals= 1000



Complex
    Train - 0.5, Test sample rate 0.05 (out of 0.1), rate = 0.01, intervals= 1000

TODO

Simple
      Train - 0.25, Test sample rate 0.05 (out of 0.1), rate = 0.1, intervals= 1000

TODO

AVG- Simple
Complex.
Intervals: [    0  1000  2000  3000  4000  5000  6000  7000  8000  9000 10000 11000
 12000 13000 14000 14589]
Errors: [ 0.99619496  0.19476579  0.13857251  0.12944523  0.11804788  0.10948638
  0.10342941  0.095898    0.0970297   0.08748143  0.08121278  0.07983857
  0.07696317  0.07805409  0.07024648  0.07441113]
      Train - 0.3, Test sample rate 0.05 (out of 0.1), rate = 0.03, intervals= 1000 - AVG
